
173 172 172 174 174 173 173 170 168 166 165 164 164 163 160 156 157 158 156 154 153 151 144 144 145 143 140 137 134 133 128 126 123 120 119 118 114 108 101 99 97 96 93 90 88 86 84 79 75 74 72 70 66 62 62 58 54 51 47 43 42 43 37 37 34 31 32 34 32 27 24 21 22 22 20 

77 72 69 66 64 62 58 54 50 50 50 50 47 42 39 35 37 38 35 32 31 27 27 28 28 26 25 24 23 22 20 21 21 21 21 21 20 19 20 18 16 17 18 19 19 18 19 18 19 19 18 17 19 20 20 18 18 20 21 19 19 19 20 20 18 17 19 19 17 18 16 17 19 18 18 

20 19 19 19 20 20 20 20 20 20 19 20 20 18 19 18 19 19 18 18 18 17 16 18 20 20 19 19 19 19 21 20 20 20 21 20 20 19 20 19 19 20 21 21 19 18 18 18 19 21 20 20 21 19 19 18 18 19 20 19 18 18 18 19 19 18 19 20 20 19 17 17 19 18 19 

19 19 17 17 18 18 18 18 19 18 18 19 20 19 19 21 20 18 18 19 19 19 19 19 20 19 19 20 22 22 22 22 23 23 21 20 21 22 22 21 21 21 22 21 19 18 19 20 24 25 23 21 22 21 20 22 24 23 21 21 22 22 21 17 18 21 21 21 21 21 19 20 23 21 21 

23 21 20 19 19 21 21 23 23 21 20 21 23 21 23 23 21 20 20 20 19 19 18 20 20 20 20 21 23 23 21 23 23 22 21 21 22 25 22 22 22 22 23 23 22 21 22 21 23 25 25 23 23 23 19 21 22 21 21 21 22 23 23 20 19 20 18 18 19 18 20 18 21 21 19 

21 21 21 21 21 21 24 22 21 20 20 21 23 22 20 22 22 22 21 20 20 20 20 22 21 21 21 21 23 22 20 21 21 22 25 25 23 23 23 21 19 20 24 25 24 22 22 25 26 23 23 22 21 20 22 24 24 23 22 22 22 23 25 23 21 20 20 20 20 20 19 19 20 19 18 

24 23 21 20 21 23 23 21 19 19 20 21 23 23 25 25 23 23 24 25 23 21 22 23 22 22 21 22 23 22 22 21 19 22 27 28 28 26 25 23 23 25 28 29 29 28 29 28 27 27 26 23 22 24 22 24 25 24 23 23 25 28 27 26 22 19 21 22 22 23 21 23 22 20 21 

25 25 22 21 22 24 22 22 22 22 21 20 21 22 23 25 24 25 24 24 22 20 22 23 22 22 23 24 27 26 23 21 21 23 26 27 28 28 23 21 22 23 25 26 25 23 23 25 25 25 28 30 27 25 22 23 23 23 23 23 23 24 26 24 22 21 23 23 20 19 20 22 22 21 22 

23 22 23 23 22 20 22 24 26 24 22 22 25 25 24 24 23 23 23 23 24 23 24 25 24 24 25 25 26 24 23 21 25 28 29 28 26 24 22 23 24 24 24 24 25 25 23 24 27 30 31 32 29 25 29 29 28 26 25 26 31 34 34 29 27 28 29 28 26 24 23 24 26 27 25 

19 19 21 23 23 23 25 27 27 25 24 26 29 29 29 27 24 24 24 25 24 22 25 27 26 26 25 25 24 21 21 22 27 31 34 34 33 31 28 27 25 26 28 29 28 26 25 24 27 30 28 25 26 27 33 31 30 31 31 32 33 33 31 26 25 27 29 30 30 28 26 26 28 29 27 

22 22 22 23 25 26 26 27 27 25 25 25 28 28 24 25 27 28 26 23 21 21 25 27 25 25 25 25 25 23 23 25 26 25 27 26 26 26 26 25 24 25 26 25 23 21 23 25 26 24 22 24 28 31 30 28 27 28 28 30 31 31 31 30 29 29 30 30 26 24 25 24 25 26 25 

21 22 23 24 23 22 18 20 23 25 25 25 28 30 26 24 24 26 26 25 25 26 28 29 26 25 25 24 25 23 27 31 31 26 27 23 21 24 22 22 23 26 28 28 26 24 26 25 25 25 24 23 26 33 37 32 29 29 30 31 32 31 32 33 29 25 27 30 29 29 29 28 27 27 27 

24 25 24 24 24 22 23 24 24 27 33 34 31 31 27 25 23 25 27 28 28 29 30 31 30 30 31 32 28 24 27 29 31 30 30 28 26 24 21 22 24 28 32 30 27 27 24 27 29 28 26 26 28 31 30 29 26 26 32 33 28 24 25 25 23 25 28 28 27 30 26 24 25 24 22 

23 23 21 22 24 25 24 26 28 30 32 31 27 26 25 25 27 28 28 27 28 30 31 30 29 30 27 23 22 24 21 24 28 28 27 25 23 22 23 25 25 25 25 23 23 26 26 29 31 32 31 29 27 27 24 24 24 24 26 25 25 27 27 29 30 30 30 28 28 29 28 26 26 25 23 

21 21 21 23 25 25 24 25 27 28 27 26 25 25 28 28 27 28 28 26 24 22 25 25 26 26 26 28 28 27 29 30 30 28 26 25 25 25 22 24 24 22 21 20 21 25 22 23 24 25 26 26 25 25 23 25 26 24 24 24 27 31 30 30 27 24 23 25 27 28 25 25 23 24 24 

22 22 23 25 25 24 24 25 28 29 27 27 26 25 27 25 23 24 26 27 25 24 27 26 24 22 24 29 30 28 30 29 29 29 30 28 26 25 24 25 24 22 23 22 22 23 27 26 24 22 21 21 21 22 28 30 29 24 23 26 28 28 28 25 23 23 24 28 29 26 24 25 23 26 27 

24 24 24 26 26 25 25 26 28 29 26 26 25 26 27 28 29 30 30 29 28 28 26 23 23 23 24 26 30 33 31 29 29 30 30 28 25 25 23 24 21 20 22 23 22 21 23 24 24 23 21 20 20 21 24 26 25 22 21 25 27 27 25 22 22 24 25 26 25 22 22 23 23 25 25 

23 25 27 30 29 27 26 26 27 26 23 23 25 28 27 26 24 24 23 22 22 23 23 22 23 24 25 26 26 26 24 23 23 24 24 23 22 23 25 26 21 21 22 24 24 24 24 27 28 27 25 22 22 23 25 27 27 26 23 23 25 28 27 25 26 27 24 23 25 27 26 24 23 23 23 

23 25 27 29 28 25 25 27 28 27 26 25 24 27 25 23 22 23 25 25 24 24 23 26 28 27 29 30 30 25 23 24 24 28 27 25 25 27 29 27 24 24 22 22 22 21 22 23 24 23 21 19 20 21 23 23 24 24 23 23 27 28 25 25 28 29 28 27 30 32 26 23 22 20 22 

27 26 23 22 23 24 29 28 26 24 25 24 23 25 25 24 25 26 25 22 22 24 23 25 27 28 25 22 22 26 29 27 26 27 26 24 23 25 25 23 22 23 24 23 21 20 21 22 21 20 20 20 21 23 21 21 21 21 23 26 28 25 24 24 24 25 26 27 30 30 28 24 25 23 23 

25 27 28 28 28 28 27 26 23 23 23 23 21 23 24 26 25 24 26 26 23 24 22 22 21 21 22 23 23 24 24 24 23 23 23 23 23 24 21 20 22 21 26 25 18 17 18 19 21 22 20 23 23 22 24 23 20 20 22 23 24 22 26 27 26 26 26 25 26 27 26 29 29 25 23 

27 28 28 26 26 26 27 25 24 25 24 25 27 24 23 24 24 24 26 25 21 21 23 23 22 22 22 21 23 25 25 26 25 24 25 24 21 22 19 21 22 22 17 20 18 19 17 20 20 21 23 23 20 25 24 23 20 22 21 22 22 23 21 23 24 25 24 23 23 24 27 27 27 27 24 

29 30 29 28 29 28 25 23 25 25 23 28 30 29 28 28 26 27 26 25 25 23 21 21 22 24 28 28 27 26 23 23 24 26 27 26 24 25 20 22 19 21 20 22 27 36 46 48 62 75 76 84 105 124 122 119 108 107 97 70 32 19 21 21 24 27 27 28 29 27 29 27 25 25 24 

26 28 26 25 24 25 24 24 25 25 27 28 30 32 27 26 25 25 25 23 24 22 23 21 21 24 30 31 28 25 27 24 27 28 25 24 25 24 23 25 25 19 22 27 46 56 61 73 94 108 113 132 157 173 172 158 137 133 115 80 35 20 24 25 29 29 26 25 29 30 28 28 26 26 25 

26 25 24 24 25 25 26 26 24 25 31 30 26 27 26 25 26 27 27 27 25 25 22 24 25 24 24 24 27 30 28 24 23 23 21 23 27 27 27 20 24 23 23 25 47 55 55 64 85 96 98 126 159 173 172 158 136 129 115 82 34 21 22 26 32 34 29 26 26 24 24 26 25 24 24 

22 21 23 24 26 27 29 28 25 26 27 24 25 25 24 24 24 24 25 27 27 28 29 28 25 24 24 24 24 24 22 23 24 27 30 29 26 25 22 23 24 22 20 21 37 53 56 61 85 101 101 127 161 176 172 154 140 136 121 94 47 20 23 24 28 31 31 31 29 27 28 28 25 23 24 

23 22 23 24 27 28 29 30 29 25 22 22 24 24 24 23 23 23 23 25 27 28 29 27 26 26 29 29 27 25 24 28 29 31 35 33 29 27 26 27 36 55 80 91 111 139 152 157 163 166 167 173 175 176 176 173 174 175 165 122 57 20 20 23 27 29 28 27 27 28 30 30 27 26 27 

27 26 25 25 28 29 27 34 32 26 23 22 24 23 23 23 24 24 25 26 26 25 26 26 26 28 32 33 30 28 30 31 31 29 27 27 27 27 30 34 64 85 103 105 132 159 170 172 175 177 177 178 176 179 178 177 176 176 167 119 52 20 20 23 25 26 26 26 25 26 24 25 25 27 28 

29 29 31 29 28 28 28 28 26 24 24 26 27 25 24 24 24 26 24 22 24 23 24 23 19 26 28 29 28 28 29 30 24 24 27 26 24 21 22 27 54 83 95 98 126 155 168 168 174 174 176 177 178 176 179 178 176 176 167 121 56 21 19 23 26 28 29 28 25 22 24 22 25 28 30 

26 26 28 29 30 29 26 27 26 26 26 28 28 27 26 25 23 26 28 27 25 20 21 21 21 26 25 25 25 29 31 27 26 29 26 21 22 23 23 26 53 83 99 108 133 153 169 171 172 171 172 168 167 176 178 180 177 177 168 123 57 19 21 24 26 28 28 27 26 26 24 25 26 25 25 

24 24 25 29 35 36 32 29 25 23 22 24 27 28 23 23 21 22 25 26 24 21 24 24 23 22 20 22 23 27 25 25 26 24 22 24 28 26 27 23 45 64 63 60 63 59 57 50 49 44 43 85 140 171 175 177 176 176 167 123 57 19 24 25 27 28 27 24 24 25 27 29 30 26 22 

26 27 27 28 28 27 28 25 22 25 32 34 30 24 23 23 23 22 22 22 22 21 23 22 20 19 19 22 21 21 22 24 23 21 23 24 24 25 21 21 33 48 57 50 37 27 23 21 20 19 25 83 141 169 176 177 176 176 165 120 55 18 20 22 24 25 25 23 22 23 25 26 26 26 26 

28 26 26 25 25 23 21 22 23 25 26 26 25 24 22 20 20 22 24 24 23 22 22 20 20 19 19 21 22 22 24 22 22 22 25 25 22 24 24 24 40 54 59 52 40 28 24 27 24 22 24 78 138 175 177 178 176 177 165 121 57 19 22 24 25 25 26 27 26 25 24 23 26 28 28 

23 22 25 26 27 28 25 25 26 23 23 22 23 25 24 21 21 22 23 23 22 22 24 26 29 29 29 29 37 41 39 25 24 25 22 24 25 27 25 26 36 44 48 42 31 25 23 20 20 22 23 78 139 172 176 178 176 176 167 127 63 20 23 25 24 23 24 27 26 24 23 20 23 26 26 

24 24 24 27 28 27 27 24 22 24 26 28 28 29 26 23 24 24 23 23 24 28 56 83 100 99 103 112 118 103 66 29 18 21 20 23 25 27 27 20 25 23 18 18 17 17 18 20 23 23 28 82 141 172 178 179 177 176 167 127 63 18 22 24 24 24 27 29 28 26 24 25 29 29 26 

25 24 21 23 25 25 24 24 25 27 27 26 26 27 26 23 23 23 24 22 21 24 56 80 95 96 99 102 105 89 54 24 21 26 23 25 26 25 24 20 23 20 21 21 19 18 20 19 20 20 27 79 140 174 179 178 176 177 166 125 62 21 23 25 26 28 30 29 27 25 24 27 30 29 27 

23 24 23 24 26 26 25 25 25 26 27 28 28 28 24 27 28 26 25 25 22 22 52 77 90 87 88 93 97 89 58 30 25 20 20 28 30 27 26 26 24 24 24 23 23 23 21 21 22 25 26 78 139 172 177 177 175 175 170 121 56 23 26 29 27 27 29 30 30 26 24 23 23 25 25 

25 26 25 25 25 25 27 25 24 23 23 23 22 22 24 25 26 25 23 21 18 20 49 84 104 105 108 113 119 110 86 46 29 29 29 25 32 31 27 27 26 26 26 25 23 22 22 21 24 29 28 77 137 170 175 157 135 110 107 75 41 23 26 25 21 22 25 27 28 26 22 21 19 21 22 

23 24 25 25 26 27 25 23 23 24 24 23 22 22 23 23 24 24 22 20 19 24 96 146 173 174 174 173 174 162 119 69 55 48 38 24 23 25 24 25 26 27 27 26 25 24 21 22 26 29 29 75 135 169 175 149 115 87 87 63 38 20 22 24 23 24 25 25 28 28 24 24 21 21 22 

26 27 25 23 23 22 24 23 23 24 23 21 20 20 19 21 25 27 25 22 21 27 96 149 176 176 176 176 177 162 125 73 59 46 36 25 28 25 26 25 25 27 29 29 27 25 22 25 28 28 28 71 132 170 176 153 119 97 92 68 35 19 21 24 24 25 25 24 25 24 23 27 26 24 24 

26 25 24 25 27 28 25 25 26 26 25 23 23 24 22 22 24 22 21 19 20 26 96 149 176 177 180 181 179 161 121 59 48 39 32 21 19 24 26 27 28 27 24 22 22 24 24 22 28 35 42 82 137 172 171 152 120 96 93 68 35 21 21 26 26 24 25 24 26 25 26 28 27 25 23 

26 25 24 24 25 24 21 23 25 26 26 26 26 27 25 25 26 23 21 19 20 27 94 145 172 170 171 174 177 166 132 91 79 68 44 19 21 19 25 26 27 26 23 21 21 22 19 30 63 89 89 108 145 168 173 154 122 88 89 64 37 21 23 26 24 25 30 32 32 28 26 23 22 23 23 

23 23 23 24 24 24 24 24 25 26 27 28 28 28 30 29 31 29 27 25 26 32 87 131 156 157 164 173 178 169 138 99 87 70 41 21 22 23 25 28 30 29 25 22 20 21 19 29 61 85 87 106 145 170 177 156 123 91 92 70 40 20 23 25 25 27 31 32 32 30 27 24 23 23 22 

21 23 26 27 27 27 28 26 23 22 24 27 29 29 27 26 30 31 29 25 24 29 87 129 158 161 166 173 177 168 133 95 82 68 40 24 24 24 21 22 24 27 28 26 23 20 18 31 58 78 88 110 146 170 176 156 123 96 89 68 37 22 23 24 23 23 26 25 25 24 24 26 26 24 21 

19 22 25 25 28 26 26 27 28 27 30 33 32 29 26 27 28 29 27 24 25 29 82 131 159 157 165 175 180 171 132 90 81 73 51 24 25 24 22 22 27 29 27 21 21 22 24 27 69 93 108 122 150 171 176 157 117 77 70 49 26 22 21 24 23 23 23 25 27 25 26 30 27 23 25 

45 40 30 25 27 28 26 27 26 25 29 33 35 36 35 31 29 29 29 25 24 26 69 100 112 112 137 163 176 170 157 146 145 122 75 25 20 23 19 21 27 26 23 21 26 29 31 44 100 136 151 154 165 173 176 151 99 43 36 34 22 15 22 23 23 25 25 24 26 28 31 25 19 21 23 

81 48 23 26 28 30 28 26 23 22 22 25 30 32 31 31 31 30 29 27 25 26 45 76 94 103 137 165 179 177 161 149 145 124 78 27 24 21 21 22 24 22 21 21 25 26 30 41 94 133 150 152 164 173 175 149 99 48 41 35 24 21 22 21 22 23 22 20 22 26 23 22 23 24 24 

66 45 22 21 27 29 27 26 25 25 25 24 26 27 28 30 28 24 23 24 24 22 44 76 90 92 130 163 179 174 162 150 143 117 76 28 24 24 22 22 22 21 22 18 20 23 27 34 89 133 154 156 166 175 176 156 109 57 51 45 31 24 26 25 25 21 20 22 22 23 26 28 28 24 23 

65 43 22 24 24 25 24 24 25 25 25 25 28 32 36 33 28 25 26 29 29 28 50 79 94 95 130 159 176 176 160 145 150 132 83 27 20 19 21 22 21 21 21 18 32 51 68 76 120 149 166 170 166 153 149 125 83 37 31 24 22 24 25 24 24 21 22 26 25 25 25 23 21 23 27 

118 93 54 59 66 44 24 27 30 30 27 25 26 29 29 27 28 30 32 30 28 27 46 71 84 85 127 161 179 177 171 166 166 134 86 29 17 20 20 22 20 21 22 22 46 76 88 89 129 160 177 173 154 131 123 100 64 23 20 23 26 24 23 22 22 22 23 26 25 25 22 21 21 24 28 

137 100 64 63 51 39 21 24 26 26 25 26 26 26 27 27 27 28 27 25 25 27 45 67 82 84 125 158 178 177 170 166 163 137 87 26 17 20 20 22 22 23 23 23 45 69 84 85 127 161 178 172 152 128 120 103 69 25 22 25 25 23 26 26 25 26 28 27 27 27 24 24 26 25 24 

137 102 63 61 48 37 22 22 23 23 26 29 28 25 29 30 29 27 27 29 28 25 46 76 94 88 122 154 177 178 172 168 162 137 90 27 17 18 23 24 24 23 20 22 46 67 84 88 132 163 176 171 157 137 128 113 73 26 24 24 23 26 23 25 26 27 29 29 32 32 29 24 25 26 25 

144 108 60 58 53 38 22 25 26 26 32 34 33 31 32 32 34 36 34 28 26 27 46 74 91 90 125 158 178 179 173 173 175 160 119 78 73 65 52 41 41 41 43 42 61 104 129 137 155 171 179 175 148 108 85 67 47 25 25 24 26 25 26 26 24 24 26 26 26 28 29 28 26 25 25 

158 126 86 81 63 39 23 23 24 28 33 34 34 32 35 35 35 33 30 27 26 25 43 73 92 91 123 159 180 177 178 179 179 165 132 87 73 62 52 38 38 38 38 38 62 104 132 139 155 169 175 169 141 103 83 68 48 25 28 28 28 28 27 25 24 25 27 27 26 25 27 28 25 22 23 

162 128 86 84 71 46 25 27 30 31 31 36 36 29 27 28 29 29 30 29 29 28 44 65 81 89 124 157 178 180 179 178 179 162 129 87 74 65 52 33 33 39 39 37 62 105 131 143 158 171 176 172 142 101 82 68 49 29 31 30 29 27 26 25 25 26 25 25 25 26 27 30 28 27 28 

161 124 90 87 70 46 24 23 26 31 30 32 31 28 29 28 29 31 32 29 27 28 39 69 83 84 117 155 178 176 178 174 178 165 127 102 103 96 82 67 64 67 72 73 94 127 150 154 163 172 176 171 138 93 68 53 39 27 27 27 27 26 27 24 24 25 27 28 29 27 25 27 25 23 22 

164 129 91 89 81 56 26 24 25 29 30 29 29 29 29 28 28 29 28 27 26 27 46 93 121 128 147 166 177 177 178 180 179 177 177 173 172 171 167 169 170 166 170 172 173 176 178 178 177 174 173 167 125 64 29 28 27 24 23 22 26 28 28 25 24 25 26 28 27 24 25 24 23 21 20 

169 138 103 95 79 51 25 25 24 24 25 26 27 28 26 27 26 25 24 22 21 21 47 103 136 142 154 167 178 181 176 178 180 180 180 180 177 174 177 171 169 169 173 172 174 176 178 177 178 177 174 166 126 69 32 32 26 22 25 28 31 32 32 30 28 26 26 29 30 28 23 21 23 25 24 

167 136 99 91 82 51 25 20 19 23 23 25 27 29 27 28 26 25 23 22 22 22 48 104 135 141 153 168 178 178 178 178 178 178 178 180 176 175 175 174 174 172 174 174 176 176 181 179 178 172 170 165 131 76 37 36 28 25 26 28 27 25 30 29 26 24 27 31 31 28 24 22 23 24 23 

167 135 98 88 83 57 23 19 20 21 23 27 30 26 29 28 25 24 22 21 22 27 45 102 139 151 162 171 177 174 174 167 163 163 164 169 169 169 172 177 178 176 180 176 177 181 179 179 172 160 144 128 92 44 22 23 23 28 29 29 29 26 27 30 30 26 27 28 26 23 22 21 22 22 23 

174 152 143 150 141 111 78 77 68 38 25 23 23 23 21 25 27 24 27 60 88 93 106 143 167 177 171 169 163 159 136 103 80 96 132 155 157 162 171 178 179 178 179 176 177 181 177 178 154 119 90 91 72 42 21 23 24 24 27 28 27 25 27 29 29 28 29 27 25 26 30 28 27 29 28 

181 179 178 176 163 129 101 97 76 49 23 20 23 21 25 27 26 24 34 66 85 89 103 142 165 179 175 166 159 155 131 103 86 101 134 156 156 162 173 175 177 178 179 178 178 176 177 176 158 127 98 98 78 43 20 20 20 22 25 25 22 20 25 28 29 28 28 29 30 32 27 25 24 25 23 

177 176 179 179 163 127 83 87 70 47 19 19 22 21 21 19 19 23 32 63 75 79 90 139 167 176 175 167 158 155 138 110 95 107 134 152 153 162 170 176 178 178 176 175 178 177 175 179 161 127 100 100 76 40 19 20 22 23 23 21 21 23 22 25 25 24 27 29 28 26 25 27 27 24 20 

174 174 179 180 164 131 106 109 91 62 47 55 53 38 23 22 35 46 52 84 108 124 137 160 174 177 171 152 127 127 105 82 54 67 90 95 96 97 100 104 102 100 98 94 87 82 84 87 65 43 36 32 22 21 19 19 20 22 24 26 28 30 31 30 26 23 23 25 26 26 24 25 29 31 28 

108 144 172 178 176 169 170 168 155 139 123 118 87 41 27 44 72 80 80 122 156 171 172 175 178 179 165 128 82 79 65 43 19 22 32 37 33 31 31 38 37 36 38 38 34 32 32 31 26 22 19 26 27 24 20 20 21 22 24 28 31 32 30 27 23 22 23 26 27 27 27 27 27 28 26 

99 142 174 182 183 175 176 172 156 129 106 106 66 38 20 36 55 67 74 118 155 175 175 176 175 180 164 123 86 85 71 44 22 25 30 32 31 30 32 33 35 35 35 34 34 30 31 33 27 19 20 22 24 24 19 20 21 20 20 23 25 26 26 28 30 32 29 26 24 24 21 27 29 26 24 

103 143 172 179 178 175 171 173 148 126 97 95 73 40 24 34 45 60 69 113 150 174 175 181 178 180 168 136 101 97 83 46 22 23 30 42 40 44 46 44 39 39 39 41 44 41 37 34 30 24 23 23 23 23 24 21 21 22 24 27 27 26 26 27 28 30 29 27 25 23 24 23 23 23 22 

95 131 154 156 154 164 174 177 159 145 142 141 130 127 125 131 135 144 140 162 173 176 177 174 168 166 147 101 46 36 22 24 20 22 25 29 28 32 31 31 25 24 24 24 26 27 23 22 23 23 24 22 24 25 24 22 21 23 24 25 26 27 25 25 24 25 25 27 27 25 28 28 29 27 24 

41 67 82 87 101 149 175 179 179 180 177 178 179 179 177 175 176 177 180 180 180 182 176 164 156 142 128 91 38 23 23 21 20 20 21 23 24 25 23 29 23 20 24 27 28 23 22 24 26 26 26 26 28 29 31 28 25 26 28 29 28 29 32 33 31 31 32 28 24 26 26 28 27 27 25 

40 71 91 95 109 150 174 180 178 179 178 178 177 177 177 177 180 180 180 179 179 181 180 166 153 149 135 88 38 31 27 25 24 23 23 24 27 28 29 29 24 27 32 32 31 28 28 28 30 28 26 25 26 26 29 27 25 25 27 28 28 30 32 32 30 28 29 27 24 24 28 28 25 24 23 

46 81 104 112 123 150 169 180 180 176 176 177 177 178 180 180 180 179 180 178 172 169 167 160 147 136 110 68 37 30 23 23 23 23 24 26 28 29 30 28 23 26 28 26 28 28 31 33 36 34 31 27 25 24 26 28 29 30 30 28 28 30 33 33 29 26 25 24 24 25 28 31 31 31 30 

42 63 68 67 76 102 123 116 117 132 146 146 155 171 180 180 179 179 179 168 146 129 124 93 53 34 31 28 24 20 20 21 23 24 25 25 25 25 27 28 25 27 28 28 28 25 30 32 35 33 30 26 24 23 26 31 34 34 32 29 28 30 31 28 24 24 26 26 25 25 25 27 27 28 26 

25 25 24 28 38 65 77 79 94 117 132 133 149 168 178 179 179 178 175 163 144 130 123 95 52 27 27 26 20 22 25 26 28 29 30 29 28 27 28 32 30 28 26 28 29 26 26 30 35 35 34 30 27 25 23 26 29 30 30 29 30 31 28 27 27 29 29 26 24 25 28 28 25 24 21 

24 23 27 28 37 66 89 91 104 119 130 135 155 171 177 178 178 179 176 163 143 127 130 97 58 36 31 27 20 24 31 31 31 31 31 32 32 31 32 30 25 23 24 27 28 26 26 28 32 31 32 29 28 27 30 30 29 29 31 32 32 32 30 26 26 29 28 26 24 24 24 24 25 25 22 

21 23 24 20 36 74 95 101 117 125 132 130 145 153 161 160 156 155 150 136 119 107 99 64 35 26 25 24 24 28 29 29 28 27 26 27 28 29 30 30 28 28 28 28 27 29 25 26 28 27 29 27 26 25 27 29 30 32 34 33 30 27 27 25 26 26 26 26 27 27 26 26 28 30 25 

21 20 22 21 26 37 36 34 38 37 40 35 41 41 42 40 35 35 35 30 25 22 19 21 19 19 21 22 24 24 25 26 26 25 24 26 29 30 35 34 30 28 27 25 23 25 27 26 26 24 26 26 26 25 27 28 27 25 26 27 28 29 32 31 31 29 28 28 27 25 25 25 28 32 28 

23 22 22 23 23 23 22 21 21 21 20 19 22 24 25 25 25 25 24 23 21 20 19 19 19 20 21 23 25 26 25 27 25 23 24 25 27 31 37 33 28 27 25 26 27 29 27 25 25 25 25 25 23 20 21 25 27 28 28 29 29 30 27 25 24 26 31 27 24 26 33 33 32 31 31 

24 25 27 28 27 25 20 22 25 25 22 19 23 27 29 29 28 28 27 25 21 20 18 19 21 22 24 27 27 25 25 26 26 27 27 26 29 34 33 32 30 30 29 29 28 28 28 26 25 26 26 26 23 21 21 25 29 29 27 25 24 24 26 26 25 24 27 27 29 32 32 31 29 27 26 

27 27 28 29 28 27 21 23 26 26 24 23 27 29 26 28 25 23 25 23 21 23 26 28 28 27 28 29 29 26 25 25 27 29 28 28 30 31 33 33 33 33 32 31 29 27 27 27 29 30 26 25 25 25 29 29 27 25 24 24 25 26 30 29 28 28 31 31 30 29 28 27 26 25 23 

25 27 30 32 32 29 23 25 26 25 23 24 28 30 29 31 29 27 26 24 24 27 29 29 28 26 25 25 26 25 25 29 33 33 32 33 32 31 36 34 30 27 25 27 27 27 26 26 30 33 30 29 27 25 28 28 27 25 24 25 27 29 29 28 30 32 32 29 28 28 31 29 28 27 24 

26 27 29 30 29 27 23 22 20 20 22 24 25 24 24 23 23 22 20 22 25 28 27 25 25 24 24 24 25 25 28 30 27 27 30 32 31 29 34 32 29 26 24 26 26 25 25 25 28 28 25 24 25 26 28 26 24 25 28 31 31 30 32 29 29 29 29 28 29 28 29 29 31 34 33 

28 27 27 27 27 26 23 24 25 24 24 24 25 25 24 21 19 20 19 22 26 27 26 22 22 22 23 25 26 27 27 28 28 30 31 28 27 28 30 30 30 29 28 29 28 26 26 24 26 27 26 27 29 28 27 26 24 25 28 31 32 33 29 28 28 28 31 34 34 31 30 27 27 27 24 

25 26 28 30 29 27 28 27 26 26 25 24 23 23 22 21 23 25 26 27 28 28 29 27 25 25 27 30 33 35 31 30 28 30 30 28 28 29 32 31 27 26 27 28 29 29 30 28 28 27 26 28 28 27 25 25 25 27 30 31 29 27 26 30 33 32 33 33 33 32 28 25 24 24 23 

24 24 25 27 26 25 26 25 24 24 24 24 25 26 27 27 26 25 24 24 25 28 25 29 30 29 28 29 32 32 31 30 28 28 26 28 32 34 35 34 30 29 29 29 29 28 29 28 29 29 30 32 29 26 27 28 30 31 33 31 29 27 33 34 35 35 36 34 34 35 34 30 31 32 29 

23 25 26 26 25 26 28 23 22 25 27 28 29 30 27 27 26 21 23 25 26 28 27 29 32 33 32 29 26 29 34 32 25 24 27 32 33 34 31 32 34 35 32 30 27 25 25 24 25 27 29 29 28 29 27 28 33 34 30 27 29 32 33 33 33 32 31 28 26 27 28 27 28 31 28 

29 29 29 30 28 25 29 27 28 29 28 27 26 26 25 23 25 24 26 28 29 27 25 28 30 31 29 27 25 28 33 31 26 26 29 31 29 27 25 26 28 31 29 28 26 24 24 26 29 30 31 33 32 30 26 25 27 28 26 27 31 35 30 31 32 33 32 31 29 30 28 27 26 24 21 

25 27 28 27 25 25 22 23 25 26 25 25 25 25 25 25 27 27 25 25 27 27 26 28 30 29 28 27 26 28 30 29 25 26 29 32 29 24 23 27 31 32 29 27 26 26 23 24 28 30 31 32 33 31 27 25 26 28 30 31 32 33 32 32 31 31 33 32 30 28 28 29 27 25 23 

27 26 26 25 24 23 26 27 27 24 24 25 26 26 25 26 26 26 27 26 26 25 24 26 30 34 33 31 28 30 35 36 34 32 32 34 37 41 35 35 33 30 27 25 25 25 27 29 30 28 29 36 38 31 28 29 31 32 31 30 32 34 34 32 28 26 27 28 27 26 30 30 30 29 25 

28 29 31 30 28 27 32 33 32 27 26 27 28 28 29 29 27 29 33 33 30 28 28 28 32 34 33 31 30 34 39 39 36 35 33 33 35 34 33 33 32 30 30 30 29 29 30 28 28 29 32 37 40 36 30 31 32 32 31 30 28 27 28 30 31 29 29 29 28 28 26 29 31 30 25 

29 33 33 29 29 33 33 35 34 30 27 26 27 27 28 29 30 32 31 30 30 26 25 25 29 34 33 29 27 29 29 30 31 32 31 30 29 26 27 29 29 28 29 30 30 31 30 31 30 29 30 34 34 29 29 31 31 30 29 28 28 27 33 32 30 31 34 36 35 32 32 33 32 31 27 

30 31 32 32 30 27 24 26 26 25 25 26 26 28 27 31 32 31 28 28 30 28 25 26 30 30 28 26 26 26 27 26 25 27 27 28 29 27 26 27 27 28 33 35 33 30 31 31 31 32 32 31 30 30 29 30 31 31 32 33 31 29 30 31 31 31 32 32 32 33 33 32 30 29 30 

30 30 30 30 29 28 27 26 24 24 26 27 27 29 32 34 29 27 28 29 30 27 27 30 32 30 28 27 28 27 25 26 27 27 24 24 27 28 25 27 27 27 30 32 31 30 31 32 33 34 32 30 31 34 36 37 36 33 31 31 30 30 30 28 27 28 31 32 30 29 28 28 29 29 29 

32 32 32 29 28 32 28 28 27 26 26 25 26 28 27 27 26 26 26 26 28 30 26 28 31 31 32 32 31 30 28 26 25 25 25 25 28 28 26 29 28 25 26 28 28 29 28 28 28 28 27 26 26 25 25 27 30 32 31 27 25 25 28 26 26 27 28 28 28 29 31 30 29 27 24 

32 34 33 28 26 29 28 28 27 26 26 26 26 27 27 28 30 29 28 26 25 24 22 25 28 28 28 28 27 26 25 23 22 25 28 28 29 29 26 28 28 28 30 31 29 27 26 26 27 28 28 27 25 22 22 25 28 30 30 29 30 32 36 32 29 29 27 26 27 27 29 29 29 29 26 

28 30 29 27 28 30 27 27 26 26 28 29 28 27 26 28 30 28 25 25 25 24 23 24 23 23 23 26 27 25 24 26 28 28 28 30 28 28 31 29 28 27 27 28 28 27 25 25 25 25 27 27 25 21 22 24 26 28 29 28 30 33 33 35 36 32 31 35 36 30 27 28 28 24 22 

32 33 29 27 29 31 29 26 24 24 27 29 30 30 32 30 28 27 28 30 30 29 26 25 22 21 21 24 25 23 20 22 25 27 27 26 25 29 29 25 23 24 25 26 26 23 26 25 25 25 27 29 27 24 26 27 27 27 27 25 24 24 25 26 26 26 27 31 33 31 27 25 25 24 23 

31 30 26 27 31 31 27 24 23 26 29 29 28 29 28 27 27 27 26 25 26 28 26 24 21 23 25 26 27 26 26 25 24 23 26 30 31 32 28 27 27 27 24 24 26 26 26 26 27 28 29 30 27 25 27 27 28 29 29 27 26 26 27 27 26 24 25 26 25 25 27 24 25 26 27 

27 25 25 29 31 29 27 25 24 26 28 27 25 25 25 24 24 26 25 23 24 26 27 24 22 23 25 28 29 26 26 25 24 25 26 27 26 27 25 26 27 27 26 25 24 23 24 24 25 26 26 25 24 23 24 25 26 25 24 23 23 24 26 29 26 23 25 27 27 27 23 21 22 23 22 

25 23 22 23 26 26 20 22 24 26 28 27 26 25 23 24 25 24 22 21 24 28 32 26 24 25 26 25 26 26 23 24 25 25 26 27 24 23 23 25 25 25 28 28 28 29 23 22 22 23 22 21 21 22 22 23 23 22 21 20 21 23 25 25 24 26 27 24 22 24 27 23 23 24 25 

24 24 24 23 22 21 23 25 25 24 24 25 24 23 25 25 24 23 21 21 23 25 26 23 24 25 23 24 25 23 25 23 22 24 26 28 24 20 21 23 24 24 29 29 26 25 24 23 23 24 23 21 21 23 25 24 23 21 20 19 20 21 22 23 23 22 22 24 25 24 25 23 25 25 25 

25 26 24 23 26 26 26 28 27 26 25 24 23 24 24 25 26 25 23 23 24 22 22 21 23 24 23 22 22 21 21 20 21 24 26 25 24 22 21 22 25 25 25 26 24 23 20 22 22 22 21 19 20 19 19 20 20 19 18 19 20 21 21 21 22 22 20 20 21 21 23 26 26 24 23 

23 23 22 22 24 25 25 26 26 25 23 22 21 21 24 25 25 22 20 20 21 22 21 20 20 20 19 19 21 22 22 21 21 21 20 20 20 20 19 18 20 20 21 21 20 21 21 21 19 19 19 19 20 19 21 21 20 20 20 21 21 21 20 20 22 22 21 21 22 22 23 22 23 23 21 

23 22 24 23 23 25 25 26 25 24 24 24 22 23 21 24 25 23 22 21 23 22 23 22 21 19 19 20 21 23 24 21 20 21 20 19 21 24 27 28 30 29 30 33 32 31 33 33 34 37 41 43 45 45 46 47 44 44 45 49 56 61 66 66 67 69 70 72 73 74 75 76 80 83 86 
